名称	升级	显示	描述	分类	图片	位置	大小	偏移	帧数	帧速率	下落速度	摆动速度	反弹	类型	装备	等级	拾取	消耗	价值	生命	法力	红心	攻击	防御	力量	体质	耐力	智力	幸运	间隔时间	特效	音效	脚本
神奇魔方		神奇魔方	获得破坏物品能够出现道具的能力	魔导器	\image\图标\物件.bmp	0,0	32,32	0,2	0	0	0	0	0	7	0	0	1	0	0	0	0	0	0	0	0				0	1000		\sound\物品\魔导器.wav	\data\脚本\使用物品\神奇魔方.lua
魂之水晶		魂之水晶	获得看到给予敌人的伤害的能力	魔导器	\image\图标\物件.bmp	32,0	32,32	0,2	0	0	0	0	0	7	0	0	1	0	0	0	0	0	0	0	0				0	1000		\sound\物品\魔导器.wav	\data\脚本\使用物品\魂之水晶.lua
妖精之书		妖精之书	获得看到敌人的名字和血量的能力	魔导器	\image\图标\物件.bmp	64,0	32,32	0,2	0	0	0	0	0	7	0	0	1	0	0	0	0	0	0	0	0				0	1000		\sound\物品\魔导器.wav	\data\脚本\使用物品\妖精之书.lua
飞翔石		飞翔石	获得二段跳的能力	魔导器	\image\图标\物件.bmp	96,0	32,32	0,2	0	0	0	0	0	7	0	0	1	0	0	0	0	0	0	0	0				0	1000		\sound\物品\魔导器.wav	\data\脚本\使用物品\飞翔石.lua
飞天石		飞天石	获得三段跳的能力	魔导器	\image\图标\物件.bmp	192,192	32,32	0,2	0	0	0	0	0	7	0	0	1	0	0	0	0	0	0	0	0				0	1000		\sound\物品\魔导器.wav	\data\脚本\使用物品\飞天石.lua
浮身靴		浮身靴	获得五倍跳跃高度的能力	魔导器	\image\图标\物件.bmp	128,0	32,32	0,2	0	0	0	0	0	7	0	0	1	0	0	0	0	0	0	0	0				0	1000		\sound\物品\魔导器.wav	\data\脚本\使用物品\浮身靴.lua
滑铲靴		滑铲靴	获得滑铲的能力	魔导器	\image\图标\物件.bmp	128,192	32,32	0,2	0	0	0	0	0	7	0	0	1	0	0	0	0	0	0	0	0				0	1000		\sound\物品\魔导器.wav	\data\脚本\使用物品\滑铲靴.lua
疾风靴		疾风靴	获得增加50%移动速度的能力	魔导器	\image\图标\物件.bmp	160,192	32,32	0,2	0	0	0	0	0	7	0	0	1	0	0	0	0	0	0	0	0				0	1000		\sound\物品\魔导器.wav	\data\脚本\使用物品\疾风靴.lua
魂之火		魂之火	使用后可以回到最后一次复活的房间	魔导器	\image\图标\物件.bmp	128,160	32,32	0,2	6	10	0	0	0	7	0	0	1	0	0	0	0	0	0	0	0				0	1000		\sound\物品\魔导器.wav	\data\脚本\使用物品\魂之火.lua
青光之匙		青光之匙	打开青光之门所需的钥匙	魔导器	\image\图标\物件.bmp	224,192	32,32	0,2	0	0	0	0	0	7	0	0	1	0	0	0	0	0	0	0	0				0	1000		\sound\物品\魔导器.wav	\data\脚本\使用物品\青光之匙.lua
藏书库传送		爷恋	想藏书库老爷爷时可以使用它试试	魔导器	\image\图标\物件.bmp	256,0	32,32	0,2	0	0	0	0	0	7	0	0	1	0	0	0	0	0	0	0	0				0	1000		\sound\物品\魔导器.wav	\data\脚本\使用物品\藏书库传送.lua
活力宝石		活力宝石	获得在受伤僵直中跳跃恢复的能力	魔导器	\image\图标\物件.bmp	256,192	32,32	0,2	0	0	0	0	0	7	0	0	1	0	0	0	0	0	0	0	0				0	1000		\sound\物品\魔导器.wav	\data\脚本\使用物品\活力宝石.lua
人鱼之像		人鱼之像	获得召唤召唤摆渡人的能力	魔导器	\image\图标\物件.bmp	192,0	32,32	0,2	0	0	0	0	0	7	0	0	1	0	0	0	0	0	0	0	0				0	1000		\sound\物品\魔导器.wav	\data\脚本\使用物品\人鱼之像.lua
圣洁之像		圣洁之像	获得在水下呼吸的能力	魔导器	\image\图标\物件.bmp	224,0	32,32	0,2	0	0	0	0	0	7	0	0	1	0	0	0	0	0	0	0	0				0	1000		\sound\物品\魔导器.wav	\data\脚本\使用物品\圣洁之像.lua
剑魔之素		剑魔之素	召唤使魔-剑魔	魔导器	\image\图标\物件.bmp	256,0	32,32	0,2	0	0	0	0	0	7	0	0	1	0	0	0	0	0	0	0	0				0	1000		\sound\物品\魔导器.wav	\data\脚本\使用物品\剑魔之素.lua
妖精之素		妖精之素	召唤使魔-妖精	魔导器	\image\图标\物件.bmp	256,0	32,32	0,2	0	0	0	0	0	7	0	0	1	0	0	0	0	0	0	0	0				0	1000		\sound\物品\魔导器.wav	\data\脚本\使用物品\妖精之素.lua
狼之魂		狼之魂	获得变身为狼的能力	魔导器	\image\图标\物件.bmp	0,32	32,32	0,2	0	0	0	0	0	7	0	0	1	0	0	0	0	0	0	0	0				0	1000		\sound\物品\魂器.wav	\data\脚本\使用物品\狼之魂.lua
狼之力量		狼之力量	变身狼后可以使用必杀技	魔导器	\image\图标\物件.bmp	32,32	32,32	0,2	0	0	0	0	0	7	0	0	1	0	0	0	0	0	0	0	0				0	1000		\sound\物品\魂器.wav	\data\脚本\使用物品\狼之力量.lua
狼之速度		狼之速度	变成狼时可以快速移动	魔导器	\image\图标\物件.bmp	64,32	32,32	0,2	0	0	0	0	0	7	0	0	1	0	0	0	0	0	0	0	0				0	1000		\sound\物品\魂器.wav	\data\脚本\使用物品\狼之速度.lua
蝙蝠之魂		蝙蝠之魂	获得变身为蝙蝠的能力	魔导器	\image\图标\物件.bmp	96,32	32,32	0,2	0	0	0	0	0	7	0	0	1	0	0	0	0	0	0	0	0				0	1000		\sound\物品\魂器.wav	\data\脚本\使用物品\蝙蝠之魂.lua
蝙蝠火焰		蝙蝠火焰	变身为蝙蝠时可以发射火球	魔导器	\image\图标\物件.bmp	128,32	32,32	0,2	0	0	0	0	0	7	0	0	1	0	0	0	0	0	0	0	0				0	1000		\sound\物品\魂器.wav	\data\脚本\使用物品\蝙蝠火焰.lua
蝙蝠声波		蝙蝠声波	变身为蝙蝠时可以发射超声波探路	魔导器	\image\图标\物件.bmp	160,32	32,32	0,2	0	0	0	0	0	7	0	0	1	0	0	0	0	0	0	0	0				0	1000		\sound\物品\魂器.wav	\data\脚本\使用物品\蝙蝠声波.lua
蝙蝠超声波		蝙蝠超声波	变身为蝙蝠时可以发射超声波攻击敌人	魔导器	\image\图标\物件.bmp	192,32	32,32	0,2	0	0	0	0	0	7	0	0	1	0	0	0	0	0	0	0	0				0	1000		\sound\物品\魂器.wav	\data\脚本\使用物品\蝙蝠超声波.lua
雾之魂		雾之魂	获得变身为雾的能力	魔导器	\image\图标\物件.bmp	224,32	32,32	0,2	0	0	0	0	0	7	0	0	1	0	0	0	0	0	0	0	0				0	1000		\sound\物品\魂器.wav	\data\脚本\使用物品\雾之魂.lua
雾之力		雾之力	延长变身为雾的时间	魔导器	\image\图标\物件.bmp	256,32	32,32	0,2	0	0	0	0	0	7	0	0	1	0	0	0	0	0	0	0	0				0	1000		\sound\物品\魂器.wav	\data\脚本\使用物品\雾之力.lua
雾之毒		雾之毒	变身为毒雾可以攻击敌人	魔导器	\image\图标\物件.bmp	288,32	32,32	0,2	0	0	0	0	0	7	0	0	1	0	0	0	0	0	0	0	0				0	1000		\sound\物品\魂器.wav	\data\脚本\使用物品\雾之毒.lua
飞刀		飞刀		副武器	\image\图标\投掷.bmp	0,64	32,32	0,0	0	0	-300	0	5	6	0	1	1	0	0	0	0	1	10	0	0				0	1000	飞刀	\sound\物品\拾取.wav	
飞斧		飞斧		副武器	\image\图标\投掷.bmp	64,64	32,32	0,0	0	0	-300	0	5	6	0	5	1	0	0	0	0	2	20	0	0				0	1000	飞斧	\sound\物品\拾取.wav	
圣水		圣水		副武器	\image\图标\投掷.bmp	96,64	32,32	0,0	0	0	-300	0	5	6	0	10	1	0	0	0	0	3	20	0	0				0	1000	圣水	\sound\物品\拾取.wav	
圣盐		圣盐		副武器	\image\图标\投掷.bmp	192,64	32,32	0,0	0	0	-300	0	5	6	0	15	1	0	0	0	0	4	25	0	0				0	1000	圣盐	\sound\物品\拾取.wav	
圣经		圣经		副武器	\image\图标\投掷.bmp	128,64	32,32	0,0	0	0	-300	0	5	6	0	20	1	0	0	0	0	5	30	0	0				0	1000	圣经	\sound\物品\拾取.wav	
怀表		怀表		副武器	\image\图标\投掷.bmp	160,64	32,32	0,0	0	0	-300	0	5	6	0	25	1	0	0	0	0	6	35	0	0				0	1000	怀表	\sound\物品\拾取.wav	
反弹石		反弹石		副武器	\image\图标\投掷.bmp	32,64	32,32	0,0	0	0	-300	0	5	6	0	30	1	0	0	0	0	7	40	0	0				0	1000	反弹石	\sound\物品\拾取.wav	
雷光破		雷光破		副武器	\image\图标\投掷.bmp	224,64	32,32	0,0	0	0	-300	0	5	6	0	35	1	0	0	0	0	8	45	0	0				0	1000	雷光破	\sound\物品\拾取.wav	
十字架		十字架		副武器	\image\图标\投掷.bmp	256,64	32,32	0,0	0	0	-300	0	5	6	0	40	1	0	0	0	0	9	50	0	0				0	1000	十字架	\sound\物品\拾取.wav	
圣光剑		圣光剑		副武器	\image\图标\投掷.bmp	288,64	32,32	0,0	0	0	-300	0	5	6	0	45	1	0	0	0	0	10	55	0	0				0	1000	圣光剑	\sound\物品\拾取.wav	
普通魔魂		黑色魔魂	普通怪物的魂魄，可以合成高级魔魂	材料	\image\图标\材料.bmp	0,0	32,32	0,0	0	0	-300	0	4	3	0	0	1	0	0	0	0	0	0	0	0				0	1000		\sound\物品\拾取.wav	
一阶魔魂		绿色魔魂	高级怪物的魂魄，可用于装备附魔	材料	\image\图标\材料.bmp	32,0	32,32	0,0	0	0	-300	0	4	3	0	1	1	0	0	0	0	0	0	0	0				0	1000		\sound\物品\拾取.wav	
二阶魔魂		蓝色魔魂	高级怪物的魂魄，可用于装备附魔	材料	\image\图标\材料.bmp	64,0	32,32	0,0	0	0	-300	0	4	3	0	2	1	0	0	0	0	0	0	0	0				0	1000		\sound\物品\拾取.wav	
三阶魔魂		红色魔魂	高级怪物的魂魄，可用于装备附魔	材料	\image\图标\材料.bmp	96,0	32,32	0,0	0	0	-300	0	4	3	0	3	1	0	0	0	0	0	0	0	0				0	1000		\sound\物品\拾取.wav	
四阶魔魂		黄色魔魂	高级怪物的魂魄，可用于装备附魔	材料	\image\图标\材料.bmp	128,0	32,32	0,0	0	0	-300	0	4	3	0	4	1	0	0	0	0	0	0	0	0				0	1000		\sound\物品\拾取.wav	
五阶魔魂		紫色魔魂	高级怪物的魂魄，可用于装备附魔	材料	\image\图标\材料.bmp	160,0	32,32	0,0	0	0	-300	0	4	3	0	5	1	0	0	0	0	0	0	0	0				0	1000		\sound\物品\拾取.wav	
六阶魔魂		青色魔魂	高级怪物的魂魄，可用于装备附魔	材料	\image\图标\材料.bmp	192,0	32,32	0,0	0	0	-300	0	4	3	0	6	1	0	0	0	0	0	0	0	0				0	1000		\sound\物品\拾取.wav	
七阶魔魂		橙色魔魂	高级怪物的魂魄，可用于装备附魔	材料	\image\图标\材料.bmp	224,0	32,32	0,0	0	0	-300	0	4	3	0	7	1	0	0	0	0	0	0	0	0				0	1000		\sound\物品\拾取.wav	
八阶魔魂		深蓝魔魂	高级怪物的魂魄，可用于装备附魔	材料	\image\图标\材料.bmp	256,0	32,32	0,0	0	0	-300	0	4	3	0	8	1	0	0	0	0	0	0	0	0				0	1000		\sound\物品\拾取.wav	
九阶魔魂		深紫魔魂	高级怪物的魂魄，可用于装备附魔	材料	\image\图标\材料.bmp	288,0	32,32	0,0	0	0	-300	0	4	3	0	9	1	0	0	0	0	0	0	0	0				0	1000		\sound\物品\拾取.wav	
绿色宝箱钥匙		绿色宝箱钥匙	可以用来打开绿色宝箱	材料	\image\图标\材料.bmp	0,64	32,32	0,0	0	0	-300	0	4	3	0	0	1	0	0	0	0	0	0	0	0				0	1000		\sound\物品\拾取.wav	
红色宝箱钥匙		红色宝箱钥匙	可以用来打开红色宝箱	材料	\image\图标\材料.bmp	32,64	32,32	0,0	0	0	-300	0	4	3	0	0	1	0	0	0	0	0	0	0	0				0	1000		\sound\物品\拾取.wav	
蓝色宝箱钥匙		蓝色宝箱钥匙	可以用来打开蓝色宝箱	材料	\image\图标\材料.bmp	64,64	32,32	0,0	0	0	-300	0	4	3	0	0	1	0	0	0	0	0	0	0	0				0	1000		\sound\物品\拾取.wav	
黄色宝箱钥匙		黄色宝箱钥匙	可以用来打开黄色宝箱	材料	\image\图标\材料.bmp	96,64	32,32	0,0	0	0	-300	0	4	3	0	0	1	0	0	0	0	0	0	0	0				0	1000		\sound\物品\拾取.wav	
幸运宝石		幸运宝石	可以用来给装备附加幸运值	材料	\image\图标\材料.bmp	0,96	32,32	0,0	0	0	-300	0	4	3	0	0	1	0	0	0	0	0	0	0	0				0	1000		\sound\物品\拾取.wav	
鸭嘴怪宝箱		BOSS宝箱		宝箱	\image\图标\材料.bmp	0,32	32,32	0,0	0	0	-300	0	4	3	0	0	2	1	0	0	0	0	0	0	0				0	1000		\sound\物品\拾取.wav	\data\脚本\怪物宝箱\鸭嘴怪宝箱.lua
飞飞魔宝箱		BOSS宝箱		宝箱	\image\图标\材料.bmp	32,32	32,32	0,0	0	0	-300	0	4	3	0	0	2	1	0	0	0	0	0	0	0				0	1000		\sound\物品\拾取.wav	\data\脚本\怪物宝箱\飞飞魔宝箱.lua
蝎狮宝箱		BOSS宝箱		宝箱	\image\图标\材料.bmp	64,32	32,32	0,0	0	0	-300	0	4	3	0	0	2	1	0	0	0	0	0	0	0				0	1000		\sound\物品\拾取.wav	\data\脚本\怪物宝箱\蝎狮宝箱.lua
阿鲁卡多宝箱		BOSS宝箱		宝箱	\image\图标\材料.bmp	96,32	32,32	0,0	0	0	-300	0	4	3	0	0	2	1	0	0	0	0	0	0	0				0	1000		\sound\物品\拾取.wav	\data\脚本\怪物宝箱\阿鲁卡多宝箱.lua
小恶魔宝箱		BOSS宝箱		宝箱	\image\图标\材料.bmp	128,32	32,32	0,0	0	0	-300	0	4	3	0	0	2	1	0	0	0	0	0	0	0				0	1000		\sound\物品\拾取.wav	\data\脚本\怪物宝箱\小恶魔宝箱.lua
狮鹫宝箱		BOSS宝箱		宝箱	\image\图标\材料.bmp	160,32	32,32	0,0	0	0	-300	0	4	3	0	0	2	1	0	0	0	0	0	0	0				0	1000		\sound\物品\拾取.wav	\data\脚本\怪物宝箱\狮鹫宝箱.lua
里希特宝箱		BOSS宝箱		宝箱	\image\图标\材料.bmp	192,32	32,32	0,0	0	0	-300	0	4	3	0	0	2	1	0	0	0	0	0	0	0				0	1000		\sound\物品\拾取.wav	\data\脚本\怪物宝箱\里希特宝箱.lua
羽恶魔宝箱		BOSS宝箱		宝箱	\image\图标\材料.bmp	224,32	32,32	0,0	0	0	-300	0	4	3	0	0	2	1	0	0	0	0	0	0	0				0	1000		\sound\物品\拾取.wav	\data\脚本\怪物宝箱\羽恶魔宝箱.lua
狼人宝箱		BOSS宝箱		宝箱	\image\图标\材料.bmp	256,32	32,32	0,0	0	0	-300	0	4	3	0	0	2	1	0	0	0	0	0	0	0				0	1000		\sound\物品\拾取.wav	\data\脚本\怪物宝箱\狼人宝箱.lua
牛头人宝箱		BOSS宝箱		宝箱	\image\图标\材料.bmp	288,32	32,32	0,0	0	0	-300	0	4	3	0	0	2	1	0	0	0	0	0	0	0				0	1000		\sound\物品\拾取.wav	\data\脚本\怪物宝箱\牛头人宝箱.lua
奥洛克宝箱		BOSS宝箱		宝箱	\image\图标\材料.bmp	0,32	32,32	0,0	0	0	-300	0	4	3	0	0	2	1	0	0	0	0	0	0	0				0	1000		\sound\物品\拾取.wav	\data\脚本\怪物宝箱\奥洛克宝箱.lua
奥洛克变身宝箱		BOSS宝箱		宝箱	\image\图标\材料.bmp	32,32	32,32	0,0	0	0	-300	0	4	3	0	0	2	1	0	0	0	0	0	0	0				0	1000		\sound\物品\拾取.wav	\data\脚本\怪物宝箱\奥洛克变身宝箱.lua
骷髅统领宝箱		BOSS宝箱		宝箱	\image\图标\材料.bmp	64,32	32,32	0,0	0	0	-300	0	4	3	0	0	2	1	0	0	0	0	0	0	0				0	1000		\sound\物品\拾取.wav	\data\脚本\怪物宝箱\骷髅统领宝箱.lua
魅魔宝箱		BOSS宝箱		宝箱	\image\图标\材料.bmp	96,32	32,32	0,0	0	0	-300	0	4	3	0	0	2	1	0	0	0	0	0	0	0				0	1000		\sound\物品\拾取.wav	\data\脚本\怪物宝箱\魅魔宝箱.lua
海妖宝箱		BOSS宝箱		宝箱	\image\图标\材料.bmp	128,32	32,32	0,0	0	0	-300	0	4	3	0	0	2	1	0	0	0	0	0	0	0				0	1000		\sound\物品\拾取.wav	\data\脚本\怪物宝箱\海妖宝箱.lua
三头犬宝箱		BOSS宝箱		宝箱	\image\图标\材料.bmp	160,32	32,32	0,0	0	0	-300	0	4	3	0	0	2	1	0	0	0	0	0	0	0				0	1000		\sound\物品\拾取.wav	\data\脚本\怪物宝箱\三头犬宝箱.lua
钱袋5		钱袋5		地图	\image\图标\物件.bmp	0,64	32,32	0,0	0	0	-300	0	4	4	0	0	0	1	5	0	0	0	0	0	0				0	1000		\sound\物品\钱袋.wav	
钱袋10		钱袋10		地图	\image\图标\物件.bmp	32,64	32,32	0,0	0	0	-300	0	4	4	0	0	0	1	10	0	0	0	0	0	0				0	1000		\sound\物品\钱袋.wav	
钱袋20		钱袋20		地图	\image\图标\物件.bmp	64,64	32,32	0,0	0	0	-300	0	4	4	0	0	0	1	20	0	0	0	0	0	0				0	1000		\sound\物品\钱袋.wav	
钱袋30		钱袋30		地图	\image\图标\物件.bmp	96,64	32,32	0,0	0	0	-300	0	4	4	0	0	0	1	30	0	0	0	0	0	0				0	1000		\sound\物品\钱袋.wav	
钱袋50		钱袋50		地图	\image\图标\物件.bmp	128,64	32,32	0,0	0	0	-300	0	4	4	0	0	0	1	50	0	0	0	0	0	0				0	1000		\sound\物品\钱袋.wav	
钱袋100		钱袋100		地图	\image\图标\物件.bmp	160,64	32,32	0,0	0	0	-300	0	4	4	0	0	0	1	100	0	0	0	0	0	0				0	1000		\sound\物品\钱袋.wav	
钱袋200		钱袋200		地图	\image\图标\物件.bmp	192,64	32,32	0,0	0	0	-300	0	4	4	0	0	0	1	200	0	0	0	0	0	0				0	1000		\sound\物品\钱袋.wav	
钱袋300		钱袋300		地图	\image\图标\物件.bmp	224,64	32,32	0,0	0	0	-300	0	4	4	0	0	0	1	300	0	0	0	0	0	0				0	1000		\sound\物品\钱袋.wav	
钱袋500		钱袋500		地图	\image\图标\物件.bmp	256,64	32,32	0,0	0	0	-300	0	4	4	0	0	0	1	500	0	0	0	0	0	0				0	1000		\sound\物品\钱袋.wav	
钱袋1000		钱袋1000		地图	\image\图标\物件.bmp	288,64	32,32	0,0	0	0	-300	0	4	4	0	0	0	1	1000	0	0	0	0	0	0				0	1000		\sound\物品\钱袋.wav	
生命上限		生命上限	增加5点生命上限	地图	\image\图标\物件.bmp	0,96	32,32	0,0	5	10	-300	0	4	4	0	0	2	1	0	0	0	0	0	0	0				0	1000		\sound\物品\上限.wav	\data\脚本\使用物品\生命上限.lua
法力上限		法力上限	增加5点法力上限	地图	\image\图标\物件.bmp	160,96	32,32	0,0	5	10	-300	0	4	4	0	0	2	1	0	0	0	0	0	0	0				0	1000		\sound\物品\上限.wav	\data\脚本\使用物品\法力上限.lua
红心上限		红心上限	增加5点红心上限	地图	\image\图标\物件.bmp	0,160	32,32	0,0	4	10	-300	0	4	4	0	0	2	1	0	0	0	0	0	0	0				0	1000		\sound\物品\上限.wav	\data\脚本\使用物品\红心上限.lua
大红心		大红心	增加5点红心	地图	\image\图标\物件.bmp	0,128	32,32	0,1	10	10	-300	0	0	4	0	0	0	1	0	0	0	5	0	0	0				0	1000		\sound\物品\大红心.wav	
小红心		小红心	增加1点红心	地图	\image\图标\物件.bmp	296,9	16,14	0,0	0	0	36	36	0	4	0	0	0	1	0	0	0	1	0	0	0				0	1000		\sound\物品\红心.wav	
银币		银币		地图	\image\图标\物件.bmp	0,192	16,16	0,1	8	10	-300	0	4	4	0	0	0	1	1	0	0	0	0	0	0				0	1000		\sound\物品\银币.wav	
金币		金币		地图	\image\图标\物件.bmp	0,208	16,16	0,1	8	10	-300	0	4	4	0	0	0	1	10	0	0	0	0	0	0				0	1000		\sound\物品\金币.wav	\data\脚本\使用物品\金币.lua
苹果		苹果	很甜的苹果	食物	\image\图标\食物.bmp	0,0	32,32	0,2	0	0	-300	0	4	4	0	0	1	1	10	10	0	0	0	0	0				0	1000		\sound\物品\水果.wav	
香蕉		香蕉	有点发酵了，但很好吃	食物	\image\图标\食物.bmp	32,0	32,32	0,2	0	0	-300	0	4	4	0	0	1	1	10	15	0	0	0	0	0				0	1000		\sound\物品\水果.wav	
橙子		橙子	汁多又甜的甜橙	食物	\image\图标\食物.bmp	64,0	32,32	0,2	0	0	-300	0	4	4	0	0	1	1	10	20	0	0	0	0	0				0	1000		\sound\物品\水果.wav	
草莓		草莓	好吃的草莓	食物	\image\图标\食物.bmp	96,0	32,32	0,2	0	0	-300	0	4	4	0	0	1	1	10	25	0	0	0	0	0				0	1000		\sound\物品\水果.wav	
葡萄		葡萄	大颗的葡萄	食物	\image\图标\食物.bmp	128,0	32,32	0,2	0	0	-300	0	4	4	0	0	1	1	10	30	0	0	0	0	0				0	1000		\sound\物品\水果.wav	
菠萝		菠萝	在南国采集的极品菠萝	食物	\image\图标\食物.bmp	160,0	32,32	0,2	0	0	-300	0	4	4	0	0	1	1	10	35	0	0	0	0	0				0	1000		\sound\物品\水果.wav	
香菇		香菇	具独特芳香能够引起食欲的蘑菇	食物	\image\图标\食物.bmp	192,0	32,32	0,2	0	0	-300	0	4	4	0	0	1	1	10	40	0	0	0	0	0				0	1000		\sound\物品\水果.wav	
毒蘑菇		毒蘑菇	喂，有角幻也！你还有毒蘑菇吗？我要把这个给那奸商吃	食物	\image\图标\食物.bmp	224,0	32,32	0,2	0	0	-300	0	4	4	0	0	1	1	10	-40	0	0	0	0	0				0	1000		\sound\物品\水果.wav	
花生		花生	扔进嘴里吃的花生	食物	\image\图标\食物.bmp	256,0	32,32	0,2	0	0	-300	0	4	4	0	0	1	1	10	45	0	0	0	0	0				0	1000		\sound\物品\水果.wav	
葡萄酒		葡萄酒	1720年的珍品香葡萄酒	食物	\image\图标\食物.bmp	288,0	32,32	0,2	0	0	-300	0	4	4	0	0	1	1	10	50	0	0	0	0	0				0	1000		\sound\物品\酒水.wav	
大麦茶		大麦茶		食物	\image\图标\食物.bmp	0,32	32,32	0,2	0	0	-300	0	4	4	0	0	1	1	10	0	10	0	0	0	0				0	1000		\sound\物品\酒水.wav	
绿茶		绿茶		食物	\image\图标\食物.bmp	32,32	32,32	0,2	0	0	-300	0	4	4	0	0	1	1	10	0	15	0	0	0	0				0	1000		\sound\物品\酒水.wav	
皮塔三明治		皮塔三明治	鸡蛋！面包！沙~拉~酱~	食物	\image\图标\食物.bmp	64,32	32,32	0,2	0	0	-300	0	4	4	0	0	1	1	10	29	0	0	0	0	0				0	1000		\sound\物品\食物.wav	
火腿蛋		火腿蛋	精选的蛋和火腿制成	食物	\image\图标\食物.bmp	96,32	32,32	0,2	0	0	-300	0	4	4	0	0	1	1	10	22	0	0	0	0	0				0	1000		\sound\物品\食物.wav	
汉堡包		汉堡包	现已加入豪华套餐	食物	\image\图标\食物.bmp	128,32	32,32	0,2	0	0	-300	0	4	4	0	0	1	1	10	20	0	0	0	0	0				0	1000		\sound\物品\食物.wav	
冰激凌		冰激凌	三层重叠的冰激凌	食物	\image\图标\食物.bmp	160,32	32,32	0,2	0	0	-300	0	4	4	0	0	1	1	10	15	0	0	0	0	0				0	1000		\sound\物品\食物.wav	
套餐A		套餐A		食物	\image\图标\食物.bmp	192,32	32,32	0,2	0	0	-300	0	4	4	0	0	1	1	10	25	0	0	0	0	0				0	1000		\sound\物品\食物.wav	
套餐B		套餐B		食物	\image\图标\食物.bmp	224,32	32,32	0,2	0	0	-300	0	4	4	0	0	1	1	10	26	0	0	0	0	0				0	1000		\sound\物品\食物.wav	
早餐		早餐		食物	\image\图标\食物.bmp	256,32	32,32	0,2	0	0	-300	0	4	4	0	0	1	1	10	24	0	0	0	0	0				0	1000		\sound\物品\食物.wav	
豆豉		豆豉		食物	\image\图标\食物.bmp	288,32	32,32	0,2	0	0	-300	0	4	4	0	0	1	1	10	30	0	0	0	0	0				0	1000		\sound\物品\食物.wav	
煎蛋卷		煎蛋卷	当地的名产	食物	\image\图标\食物.bmp	0,64	32,32	0,2	0	0	-300	0	4	4	0	0	1	1	10	23	0	0	0	0	0				0	1000		\sound\物品\食物.wav	
乳酪蛋糕		乳酪蛋糕	味道上等的奶酪蛋糕	食物	\image\图标\食物.bmp	32,64	32,32	0,2	0	0	-300	0	4	4	0	0	1	1	10	16	0	0	0	0	0				0	1000		\sound\物品\食物.wav	
冻糕		冻糕		食物	\image\图标\食物.bmp	64,64	32,32	0,2	0	0	-300	0	4	4	0	0	1	1	10	16	0	0	0	0	0				0	1000		\sound\物品\食物.wav	
熏肉香肠		熏肉香肠	当地特产	食物	\image\图标\食物.bmp	96,64	32,32	0,2	0	0	-300	0	4	4	0	0	1	1	10	19	0	0	0	0	0				0	1000		\sound\物品\食物.wav	
小笼包		小笼包	再来十屉小笼包	食物	\image\图标\食物.bmp	128,64	32,32	0,2	0	0	-300	0	4	4	0	0	1	1	10	10	0	0	0	0	0				0	1000		\sound\物品\食物.wav	
披萨		披萨		食物	\image\图标\食物.bmp	160,64	32,32	0,2	0	0	-300	0	4	4	0	0	1	1	10	21	0	0	0	0	0				0	1000		\sound\物品\食物.wav	
炖肉		炖肉	天朝的传统菜	食物	\image\图标\食物.bmp	192,64	32,32	0,2	0	0	-300	0	4	4	0	0	1	1	10	50	0	0	0	0	0				0	1000		\sound\物品\食物.wav	
布丁		布丁	最流行的布丁	食物	\image\图标\食物.bmp	224,64	32,32	0,2	0	0	-300	0	4	4	0	0	1	1	10	17	0	0	0	0	0				0	1000		\sound\物品\食物.wav	
拉面		拉面	兰州拉面	食物	\image\图标\食物.bmp	256,64	32,32	0,2	0	0	-300	0	4	4	0	0	1	1	10	50	0	0	0	0	0				0	1000		\sound\物品\食物.wav	
咖喱饭		咖喱饭	用丰富的材料煮成的咖喱	食物	\image\图标\食物.bmp	288,64	32,32	0,2	0	0	-300	0	4	4	0	0	1	1	10	22	0	0	0	0	0				0	1000		\sound\物品\食物.wav	
草莓酥饼		草莓酥饼	以草莓精华制成的果馅蛋糕	食物	\image\图标\食物.bmp	0,96	32,32	0,2	0	0	-300	0	4	4	0	0	1	1	10	21	0	0	0	0	0				0	1000		\sound\物品\食物.wav	
牛排		牛排	七分熟的牛排	食物	\image\图标\食物.bmp	32,96	32,32	0,2	0	0	-300	0	4	4	0	0	1	1	10	100	0	0	0	0	0				0	1000		\sound\物品\食物.wav	
意大利面		意大利面		食物	\image\图标\食物.bmp	64,96	32,32	0,2	0	0	-300	0	4	4	0	0	1	1	10	27	0	0	0	0	0				0	1000		\sound\物品\食物.wav	
奶酪		奶酪	好吃的奶酪	食物	\image\图标\食物.bmp	96,96	32,32	0,2	0	0	-300	0	4	4	0	0	1	1	10	18	0	0	0	0	0				0	1000		\sound\物品\食物.wav	
寿司		寿司	寿司【大生鱼片，虾，鸡蛋】	食物	\image\图标\食物.bmp	128,96	32,32	0,2	0	0	-300	0	4	4	0	0	1	1	10	60	0	0	0	0	0				0	1000		\sound\物品\食物.wav	
草莓蛋糕		草莓蛋糕	特制的奶油草莓蛋糕	食物	\image\图标\食物.bmp	160,96	32,32	0,2	0	0	-300	0	4	4	0	0	1	1	10	22	0	0	0	0	0				0	1000		\sound\物品\食物.wav	
点心		点心	五仁馅的！	食物	\image\图标\食物.bmp	192,96	32,32	0,2	0	0	-300	0	4	4	0	0	1	1	10	28	0	0	0	0	0				0	1000		\sound\物品\食物.wav	
烤火鸡		烤火鸡	火鸡肉	食物	\image\图标\食物.bmp	224,96	32,32	0,2	0	0	-300	0	4	4	0	0	1	1	10	80	0	0	0	0	0				0	1000		\sound\物品\食物.wav	
味增汤		味增汤	特制酱汤的美味食品	食物	\image\图标\食物.bmp	256,96	32,32	0,2	0	0	-300	0	4	4	0	0	1	1	10	80	0	0	0	0	0				0	1000		\sound\物品\食物.wav	
红豆包		红豆包	放了红豆沙的中华馒头	食物	\image\图标\食物.bmp	288,96	32,32	0,2	0	0	-300	0	4	4	0	0	1	1	10	20	0	0	0	0	0				0	1000		\sound\物品\食物.wav	
红色染料		红色染料	可以把衣服染成红色	药物	\image\图标\药物.bmp	0,0	32,32	0,2	0	0	-300	0	4	4	0	0	1	1	10	0	0	0	0	0	0				0	1000		\sound\物品\药水.wav	\data\脚本\使用物品\衣服染料.lua
绿色染料		绿色染料	可以把衣服染成绿色	药物	\image\图标\药物.bmp	32,0	32,32	0,2	0	0	-300	0	4	4	0	0	1	1	10	0	0	0	0	0	0				0	1000		\sound\物品\药水.wav	\data\脚本\使用物品\衣服染料.lua
蓝色染料		蓝色染料	可以把衣服染成蓝色	药物	\image\图标\药物.bmp	64,0	32,32	0,2	0	0	-300	0	4	4	0	0	1	1	10	0	0	0	0	0	0				0	1000		\sound\物品\药水.wav	\data\脚本\使用物品\衣服染料.lua
黄色染料		黄色染料	可以把衣服染成黄色	药物	\image\图标\药物.bmp	96,0	32,32	0,2	0	0	-300	0	4	4	0	0	1	1	10	0	0	0	0	0	0				0	1000		\sound\物品\药水.wav	\data\脚本\使用物品\衣服染料.lua
紫色染料		紫色染料	可以把衣服染成紫色，有角幻也喜欢用的颜色	药物	\image\图标\药物.bmp	128,0	32,32	0,2	0	0	-300	0	4	4	0	0	1	1	10	0	0	0	0	0	0				0	1000		\sound\物品\药水.wav	\data\脚本\使用物品\衣服染料.lua
黑色染料		黑色染料	可以把衣服染成黑色	药物	\image\图标\药物.bmp	160,0	32,32	0,2	0	0	-300	0	4	4	0	0	1	1	10	0	0	0	0	0	0				0	1000		\sound\物品\药水.wav	\data\脚本\使用物品\衣服染料.lua
灰色染料		灰色染料	可以把衣服染成灰色	药物	\image\图标\药物.bmp	192,0	32,32	0,2	0	0	-300	0	4	4	0	0	1	1	10	0	0	0	0	0	0				0	1000		\sound\物品\药水.wav	\data\脚本\使用物品\衣服染料.lua
红色残影		红色残影剂	可以把残影染成红色	药物	\image\图标\药物.bmp	0,32	32,32	0,2	0	0	-300	0	4	4	0	0	1	1	10	0	0	0	0	0	0				0	1000		\sound\物品\药水.wav	\data\脚本\使用物品\残影染料.lua
绿色残影		绿色残影剂	可以把残影染成绿色	药物	\image\图标\药物.bmp	32,32	32,32	0,2	0	0	-300	0	4	4	0	0	1	1	10	0	0	0	0	0	0				0	1000		\sound\物品\药水.wav	\data\脚本\使用物品\残影染料.lua
蓝色残影		蓝色残影剂	可以把残影染成蓝色	药物	\image\图标\药物.bmp	64,32	32,32	0,2	0	0	-300	0	4	4	0	0	1	1	10	0	0	0	0	0	0				0	1000		\sound\物品\药水.wav	\data\脚本\使用物品\残影染料.lua
黄色残影		黄色残影剂	可以把残影染成黄色	药物	\image\图标\药物.bmp	96,32	32,32	0,2	0	0	-300	0	4	4	0	0	1	1	10	0	0	0	0	0	0				0	1000		\sound\物品\药水.wav	\data\脚本\使用物品\残影染料.lua
紫色残影		紫色残影剂	可以把残影染成紫色	药物	\image\图标\药物.bmp	128,32	32,32	0,2	0	0	-300	0	4	4	0	0	1	1	10	0	0	0	0	0	0				0	1000		\sound\物品\药水.wav	\data\脚本\使用物品\残影染料.lua
黑色残影		黑色残影剂	可以把残影染成黑色	药物	\image\图标\药物.bmp	160,32	32,32	0,2	0	0	-300	0	4	4	0	0	1	1	10	0	0	0	0	0	0				0	1000		\sound\物品\药水.wav	\data\脚本\使用物品\残影染料.lua
白色残影		白色残影剂	可以把残影染成灰色	药物	\image\图标\药物.bmp	192,32	32,32	0,2	0	0	-300	0	4	4	0	0	1	1	10	0	0	0	0	0	0				0	1000		\sound\物品\药水.wav	\data\脚本\使用物品\残影染料.lua
生命50		小生命药水	恢复50点生命	药物	\image\图标\药物.bmp	0,64	32,32	0,2	0	0	-300	0	4	4	0	0	1	1	10	50	0	0	0	0	0				0	1000	恢复生命	\sound\物品\药水.wav	
生命100		中生命药水	恢复100点生命	药物	\image\图标\药物.bmp	32,64	32,32	0,2	0	0	-300	0	4	4	0	0	1	1	10	100	0	0	0	0	0				0	1000	恢复生命	\sound\物品\药水.wav	
生命200		大生命药水	恢复200点生命	药物	\image\图标\药物.bmp	64,64	32,32	0,2	0	0	-300	0	4	4	0	0	1	1	10	200	0	0	0	0	0				0	1000	恢复生命	\sound\物品\药水.wav	
生命500		超生命药水	恢复500点生命	药物	\image\图标\药物.bmp	96,64	32,32	0,2	0	0	-300	0	4	4	0	0	1	1	10	500	0	0	0	0	0				0	1000	恢复生命	\sound\物品\药水.wav	
法力50		小法力药水	恢复50点法力	药物	\image\图标\药物.bmp	128,64	32,32	0,2	0	0	-300	0	4	4	0	0	1	1	10	0	50	0	0	0	0				0	1000	恢复法力	\sound\物品\药水.wav	
法力100		中法力药水	恢复100点法力	药物	\image\图标\药物.bmp	160,64	32,32	0,2	0	0	-300	0	4	4	0	0	1	1	10	0	100	0	0	0	0				0	1000	恢复法力	\sound\物品\药水.wav	
法力200		大法力药水	恢复200点法力	药物	\image\图标\药物.bmp	192,64	32,32	0,2	0	0	-300	0	4	4	0	0	1	1	10	0	200	0	0	0	0				0	1000	恢复法力	\sound\物品\药水.wav	
法力500		超法力药水	恢复500点法力	药物	\image\图标\药物.bmp	224,64	32,32	0,2	0	0	-300	0	4	4	0	0	1	1	10	0	500	0	0	0	0				0	1000	恢复法力	\sound\物品\药水.wav	
红心50		小红心药	恢复50点红心	药物	\image\图标\药物.bmp	256,64	32,32	0,2	0	0	-300	0	4	4	0	0	1	1	10	0	0	50	0	0	0				0	1000	恢复红心	\sound\物品\药水.wav	
红心100		中红心药	恢复100点红心	药物	\image\图标\药物.bmp	288,64	32,32	0,2	0	0	-300	0	4	4	0	0	1	1	10	0	0	100	0	0	0				0	1000	恢复红心	\sound\物品\药水.wav	
红心200		大红心药	恢复200点红心	药物	\image\图标\药物.bmp	288,64	32,32	0,2	0	0	-300	0	4	4	0	0	1	1	10	0	0	200	0	0	0				0	1000	恢复红心	\sound\物品\药水.wav	
解毒药		解毒剂		药物	\image\图标\药物.bmp	256,0	32,32	0,2	0	0	-300	0	4	4	0	0	1	1	10	0	0	0	0	0	0				0	1000		\sound\物品\药水.wav	\data\脚本\使用物品\解毒药.lua
解咒药		解咒剂		药物	\image\图标\药物.bmp	288,0	32,32	0,2	0	0	-300	0	4	4	0	0	1	1	10	0	0	0	0	0	0				0	1000		\sound\物品\药水.wav	\data\脚本\使用物品\解咒药.lua
物攻药		物攻药		药物	\image\图标\药物.bmp	0,32	32,32	0,2	0	0	-300	0	4	4	0	0	1	1	10	0	0	0	0	0	0				0	1000		\sound\物品\药水.wav	\data\脚本\使用物品\物攻药.lua
物防药		物防药		药物	\image\图标\药物.bmp	32,32	32,32	0,2	0	0	-300	0	4	4	0	0	1	1	10	0	0	0	0	0	0				0	1000		\sound\物品\药水.wav	\data\脚本\使用物品\物防药.lua
魔攻药		魔攻药		药物	\image\图标\药物.bmp	64,32	32,32	0,2	0	0	-300	0	4	4	0	0	1	1	10	0	0	0	0	0	0				0	1000		\sound\物品\药水.wav	\data\脚本\使用物品\魔攻药.lua
魔防药		魔防药		药物	\image\图标\药物.bmp	96,32	32,32	0,2	0	0	-300	0	4	4	0	0	1	1	10	0	0	0	0	0	0				0	1000		\sound\物品\药水.wav	\data\脚本\使用物品\魔防药.lua
暴击药		暴击药		药物	\image\图标\药物.bmp	128,32	32,32	0,2	0	0	-300	0	4	4	0	0	1	1	10	0	0	0	0	0	0				0	1000		\sound\物品\药水.wav	\data\脚本\使用物品\暴击药.lua
韧性药		韧性药		药物	\image\图标\药物.bmp	160,32	32,32	0,2	0	0	-300	0	4	4	0	0	1	1	10	0	0	0	0	0	0				0	1000		\sound\物品\药水.wav	\data\脚本\使用物品\韧性药.lua
幸运药		幸运药		药物	\image\图标\药物.bmp	192,32	32,32	0,2	0	0	-300	0	4	4	0	0	1	1	10	0	0	0	0	0	0				0	1000		\sound\物品\药水.wav	\data\脚本\使用物品\幸运药.lua
飞镖		飞镖		投掷	\image\图标\投掷.bmp	0,0	32,32	0,2	0	0	-300	0	4	5	0	0	1	1	10	0	0	0	10	0	0				0	1000	飞镖	\sound\物品\拾取.wav	
十字镖		十字镖		投掷	\image\图标\投掷.bmp	32,0	32,32	0,2	0	0	-300	0	4	5	0	0	1	1	10	0	0	0	20	0	0				0	1000	十字镖	\sound\物品\拾取.wav	
火焰镖		火焰镖		投掷	\image\图标\投掷.bmp	64,0	32,32	0,2	0	0	-300	0	4	5	0	0	1	1	10	0	0	0	20	0	0				0	1000	火焰镖	\sound\物品\拾取.wav	
梅花镖		梅花镖		投掷	\image\图标\投掷.bmp	96,0	32,32	0,2	0	0	-300	0	4	5	0	0	1	1	10	0	0	0	25	0	0				0	1000	梅花镖	\sound\物品\拾取.wav	
柳生镖		柳生镖		投掷	\image\图标\投掷.bmp	128,0	32,32	0,2	0	0	-300	0	4	5	0	0	1	1	10	0	0	0	30	0	0				0	1000	柳生镖	\sound\物品\拾取.wav	
回旋镖		回旋镖		投掷	\image\图标\投掷.bmp	160,0	32,32	0,2	0	0	-300	0	4	5	0	0	1	1	10	0	0	0	30	0	0				0	1000	回旋镖	\sound\物品\拾取.wav	
烈焰回旋镖		烈焰回旋镖		投掷	\image\图标\投掷.bmp	192,0	32,32	0,2	0	0	-300	0	4	5	0	0	1	1	10	0	0	0	30	0	0				0	1000	烈焰回旋镖	\sound\物品\拾取.wav	
村正飞刀		村正飞刀		投掷	\image\图标\投掷.bmp	224,0	32,32	0,2	0	0	-300	0	4	5	0	0	1	1	10	0	0	0	30	0	0				0	1000	村正飞刀	\sound\物品\拾取.wav	
铁球		铁球		投掷	\image\图标\投掷.bmp	256,0	32,32	0,2	0	0	-300	0	4	5	0	0	1	1	10	0	0	0	30	0	0				0	1000	铁球	\sound\物品\拾取.wav	
无双飞轮		无双飞轮		投掷	\image\图标\投掷.bmp	288,0	32,32	0,2	0	0	-300	0	4	5	0	0	1	1	10	0	0	0	40	0	0				0	1000	无双飞轮	\sound\物品\拾取.wav	
中子炸弹		中子炸弹		投掷	\image\图标\投掷.bmp	0,32	32,32	0,2	0	0	-300	0	4	5	0	0	1	1	10	0	0	0	50	0	0				0	1000	中子炸弹	\sound\物品\拾取.wav	
TNT炸药		TNT炸药		投掷	\image\图标\投掷.bmp	32,32	32,32	0,2	0	0	-300	0	4	5	0	0	1	1	10	0	0	0	55	0	0				0	1000	TNT炸药	\sound\物品\拾取.wav	
烈性炸药		烈性炸药		投掷	\image\图标\投掷.bmp	64,32	32,32	0,2	0	0	-300	0	4	5	0	0	1	1	10	0	0	0	60	0	0				0	1000	烈性炸药	\sound\物品\拾取.wav	
业力之币		业力之币		投掷	\image\图标\投掷.bmp	96,32	32,32	0,2	0	0	-300	0	4	5	0	0	1	1	10	0	0	0	70	0	0				0	1000	业力之币	\sound\物品\拾取.wav	
毁灭之剑		毁灭之剑		投掷	\image\图标\投掷.bmp	128,32	32,32	0,2	0	0	-300	0	4	5	0	0	1	1	10	0	0	0	80	0	0				0	1000	毁灭之剑	\sound\物品\拾取.wav	
天堂之剑		天堂之剑		投掷	\image\图标\投掷.bmp	160,32	32,32	0,2	0	0	-300	0	4	5	0	0	1	1	10	0	0	0	85	0	0				0	1000	天堂之剑	\sound\物品\拾取.wav	
魔法之箭		魔法之箭		投掷	\image\图标\投掷.bmp	192,32	32,32	0,2	0	0	-300	0	4	5	0	0	1	1	10	0	0	0	90	0	0				0	1000	魔法之箭	\sound\物品\拾取.wav	
魔法徽章		魔法徽章		投掷	\image\图标\投掷.bmp	224,32	32,32	0,2	0	0	-300	0	4	5	0	0	1	1	10	0	0	0	95	0	0				0	1000	魔法徽章	\sound\物品\拾取.wav	
蝙蝠徽章		蝙蝠徽章		投掷	\image\图标\投掷.bmp	256,32	32,32	0,2	0	0	-300	0	4	5	0	0	1	1	10	0	0	0	100	0	0				0	1000	蝙蝠徽章	\sound\物品\拾取.wav	
父亲大人		父亲大人		投掷	\image\图标\投掷.bmp	288,32	32,32	0,2	0	0	-300	0	4	5	0	0	1	1	10	0	0	0	100	0	0				0	1000	父亲大人	\sound\物品\拾取.wav	
短剑01	短剑02	短剑	普通的短剑	短剑	\image\图标\武器.bmp	0,0	32,32	0,2	0	0	-400	0	4	0	0	0	1	0	10	0	0	0	1	0	0	0	0	0	0	0		\sound\物品\武器.wav	
短剑02	短剑03	匕首	普通的匕首	短剑	\image\图标\武器.bmp	32,0	32,32	0,2	0	0	-400	0	4	0	0	3	1	0	10	0	0	0	2	0	0	0	0	0	0	0		\sound\物品\武器.wav	
短剑03	短剑04	钢匕	经过精细打磨的匕首	短剑	\image\图标\武器.bmp	64,0	32,32	0,2	0	0	-400	0	4	0	0	6	1	0	10	0	0	0	3	0	0	0	0	0	0	0		\sound\物品\武器.wav	
短剑04	短剑05	短刀	短刀	短剑	\image\图标\武器.bmp	96,0	32,32	0,2	0	0	-400	0	4	0	0	9	1	0	10	0	0	0	4	0	0	0	0	0	0	0		\sound\物品\武器.wav	
短剑05	短剑06	月刃刀	像月牙一样，适合收割人头	短剑	\image\图标\武器.bmp	128,0	32,32	0,2	0	0	-400	0	4	0	0	12	1	0	10	0	0	0	5	0	0	0	0	0	0	0		\sound\物品\武器.wav	
短剑06	短剑07	暗杀剑	剑柄很长，适合暗杀使用	短剑	\image\图标\武器.bmp	160,0	32,32	0,2	0	0	-400	0	4	0	0	15	1	0	10	0	0	0	6	0	0	0	0	0	0	0		\sound\物品\武器.wav	
短剑07	短剑08	虎彻	向猛虎一样，攻击敌人	短剑	\image\图标\武器.bmp	192,0	32,32	0,2	0	0	-400	0	4	0	0	18	1	0	10	0	0	0	7	0	0	0	0	0	0	0		\sound\物品\武器.wav	
短剑08	短剑09	兽人杀	天使猎杀兽人使用的剑	短剑	\image\图标\武器.bmp	224,0	32,32	0,2	0	0	-400	0	4	0	0	21	1	0	10	0	0	0	8	0	0	0	0	0	0	0		\sound\物品\武器.wav	
短剑09	短剑10	马刀	适合骑在马上使用	短剑	\image\图标\武器.bmp	256,0	32,32	0,2	0	0	-400	0	4	0	0	24	1	0	10	0	0	0	9	0	0	0	0	0	0	0		\sound\物品\武器.wav	
短剑10	短剑11	阿鲁卡特之剑	剑上的画像很像妈妈	短剑	\image\图标\武器.bmp	288,0	32,32	0,2	0	0	-400	0	4	0	0	27	1	0	10	0	0	0	10	0	0	0	0	0	0	0		\sound\物品\武器.wav	
短剑11	短剑12	黑暗之剑	从黑暗中诞生的奇异之剑	短剑	\image\图标\武器.bmp	288,0	32,32	0,2	0	0	-400	0	4	0	0	30	1	0	10	0	0	0	11	0	0	0	0	0	0	0		\sound\物品\武器.wav	
短剑12	短剑13	诅咒之剑	受到诅咒的奇异之剑	短剑	\image\图标\武器.bmp	128,96	32,32	0,2	0	0	-400	0	4	0	0	33	1	0	10	0	0	0	12	0	0	0	0	0	0	0		\sound\物品\武器.wav	
短剑13		暗月之剑	挥动时月色为之暗淡	短剑	\image\图标\武器.bmp	160,96	32,32	0,2	0	0	-400	0	4	0	0	36	1	0	10	0	0	0	13	0	0	0	0	0	0	0		\sound\物品\武器.wav	
长刀01	长刀02	长刀01		长刀	\image\图标\武器.bmp	0,32	32,32	0,2	0	0	-400	0	4	0	0	0	1	0	10	0	0	0	1	0	0	0	0	0	0	0		\sound\物品\武器.wav	
长刀02	长刀03	长刀02		长刀	\image\图标\武器.bmp	32,32	32,32	0,2	0	0	-400	0	4	0	0	2	1	0	10	0	0	0	2	0	0	0	0	0	0	0		\sound\物品\武器.wav	
长刀03	长刀04	长刀03		长刀	\image\图标\武器.bmp	64,32	32,32	0,2	0	0	-400	0	4	0	0	4	1	0	10	0	0	0	3	0	0	0	0	0	0	0		\sound\物品\武器.wav	
长刀04	长刀05	长刀04		长刀	\image\图标\武器.bmp	96,32	32,32	0,2	0	0	-400	0	4	0	0	6	1	0	10	0	0	0	4	0	0	0	0	0	0	0		\sound\物品\武器.wav	
长刀05	长刀06	长刀05		长刀	\image\图标\武器.bmp	128,32	32,32	0,2	0	0	-400	0	4	0	0	8	1	0	10	0	0	0	5	0	0	0	0	0	0	0		\sound\物品\武器.wav	
长刀06	长刀07	长刀06		长刀	\image\图标\武器.bmp	160,32	32,32	0,2	0	0	-400	0	4	0	0	10	1	0	10	0	0	0	6	0	0	0	0	0	0	0		\sound\物品\武器.wav	
长刀07	长刀08	长刀07		长刀	\image\图标\武器.bmp	192,32	32,32	0,2	0	0	-400	0	4	0	0	12	1	0	10	0	0	0	7	0	0	0	0	0	0	0		\sound\物品\武器.wav	
长刀08	长刀09	长刀08		长刀	\image\图标\武器.bmp	224,32	32,32	0,2	0	0	-400	0	4	0	0	14	1	0	10	0	0	0	8	0	0	0	0	0	0	0		\sound\物品\武器.wav	
长刀09	长刀10	长刀09		长刀	\image\图标\武器.bmp	256,32	32,32	0,2	0	0	-400	0	4	0	0	16	1	0	10	0	0	0	9	0	0	0	0	0	0	0		\sound\物品\武器.wav	
长刀10		长刀10		长刀	\image\图标\武器.bmp	288,32	32,32	0,2	0	0	-400	0	4	0	0	18	1	0	10	0	0	0	10	0	0	0	0	0	0	0		\sound\物品\武器.wav	
长剑01	长剑02	长剑01		长剑	\image\图标\武器.bmp	0,64	32,32	0,2	0	0	-400	0	4	0	0	0	1	0	10	0	0	0	1	0	0	0	0	0	0	0		\sound\物品\武器.wav	
长剑02	长剑03	长剑02		长剑	\image\图标\武器.bmp	32,64	32,32	0,2	0	0	-400	0	4	0	0	2	1	0	10	0	0	0	2	0	0	0	0	0	0	0		\sound\物品\武器.wav	
长剑03	长剑04	长剑03		长剑	\image\图标\武器.bmp	64,64	32,32	0,2	0	0	-400	0	4	0	0	4	1	0	10	0	0	0	3	0	0	0	0	0	0	0		\sound\物品\武器.wav	
长剑04	长剑05	长剑04		长剑	\image\图标\武器.bmp	96,64	32,32	0,2	0	0	-400	0	4	0	0	6	1	0	10	0	0	0	4	0	0	0	0	0	0	0		\sound\物品\武器.wav	
长剑05	长剑06	长剑05		长剑	\image\图标\武器.bmp	128,64	32,32	0,2	0	0	-400	0	4	0	0	8	1	0	10	0	0	0	5	0	0	0	0	0	0	0		\sound\物品\武器.wav	
长剑06	长剑07	长剑06		长剑	\image\图标\武器.bmp	160,64	32,32	0,2	0	0	-400	0	4	0	0	10	1	0	10	0	0	0	6	0	0	0	0	0	0	0		\sound\物品\武器.wav	
长剑07	长剑08	长剑07		长剑	\image\图标\武器.bmp	192,64	32,32	0,2	0	0	-400	0	4	0	0	12	1	0	10	0	0	0	7	0	0	0	0	0	0	0		\sound\物品\武器.wav	
长剑08	长剑09	长剑08		长剑	\image\图标\武器.bmp	224,64	32,32	0,2	0	0	-400	0	4	0	0	14	1	0	10	0	0	0	8	0	0	0	0	0	0	0		\sound\物品\武器.wav	
长剑09	长剑10	长剑09		长剑	\image\图标\武器.bmp	256,64	32,32	0,2	0	0	-400	0	4	0	0	16	1	0	10	0	0	0	9	0	0	0	0	0	0	0		\sound\物品\武器.wav	
长剑10		长剑10		长剑	\image\图标\武器.bmp	288,64	32,32	0,2	0	0	-400	0	4	0	0	18	1	0	10	0	0	0	10	0	0	0	0	0	0	0		\sound\物品\武器.wav	
盾牌01	盾牌02	皮革盾		盾牌	\image\图标\防具.bmp	0,0	32,32	0,2	0	0	-400	0	4	0	2	0	1	0	10	0	0	0	0	0	0	1	0	0	0	0		\sound\物品\盾牌.wav	
盾牌02	盾牌03	骑士盾		盾牌	\image\图标\防具.bmp	32,0	32,32	0,2	0	0	-400	0	4	0	2	3	1	0	10	0	0	0	0	0	0	2	0	0	0	0		\sound\物品\盾牌.wav	
盾牌03	盾牌04	美杜莎之盾	用美杜莎的头制作的盾	盾牌	\image\图标\防具.bmp	64,0	32,32	0,2	0	0	-400	0	4	0	2	6	1	0	10	0	0	0	0	0	0	3	0	0	0	0		\sound\物品\盾牌.wav	
盾牌04	盾牌05	仪式之盾		盾牌	\image\图标\防具.bmp	96,0	32,32	0,2	0	0	-400	0	4	0	2	9	1	0	10	0	0	0	0	0	0	4	0	0	0	0		\sound\物品\盾牌.wav	
盾牌05	盾牌06	纹章之盾		盾牌	\image\图标\防具.bmp	128,0	32,32	0,2	0	0	-400	0	4	0	2	12	1	0	10	0	0	0	0	0	0	5	0	0	0	0		\sound\物品\盾牌.wav	
盾牌06	盾牌07	骷髅之盾		盾牌	\image\图标\防具.bmp	160,0	32,32	0,2	0	0	-400	0	4	0	2	15	1	0	10	0	0	0	0	0	0	6	0	0	0	0		\sound\物品\盾牌.wav	
盾牌07	盾牌08	斧头兵之盾		盾牌	\image\图标\防具.bmp	192,0	32,32	0,2	0	0	-400	0	4	0	2	18	1	0	10	0	0	0	0	0	0	7	0	0	0	0		\sound\物品\盾牌.wav	
盾牌08	盾牌09	精钢盾		盾牌	\image\图标\防具.bmp	224,0	32,32	0,2	0	0	-400	0	4	0	2	21	1	0	10	0	0	0	0	0	0	8	0	0	0	0		\sound\物品\盾牌.wav	
盾牌09	盾牌10	阿鲁卡特之盾	很像阿鲁卡多以前爱用的盾	盾牌	\image\图标\防具.bmp	256,0	32,32	0,2	0	0	-400	0	4	0	2	24	1	0	10	0	0	0	0	0	0	9	0	0	0	0		\sound\物品\盾牌.wav	
盾牌10	盾牌11	炎魔之盾		盾牌	\image\图标\防具.bmp	288,0	32,32	0,2	0	0	-400	0	4	0	2	27	1	0	10	0	0	0	0	0	0	10	0	0	0	0		\sound\物品\盾牌.wav	
盾牌11	盾牌12	圣骑盾牌		盾牌	\image\图标\防具.bmp	288,0	32,32	0,2	0	0	-400	0	4	0	2	30	1	0	10	0	0	0	0	0	0	11	0	0	0	0		\sound\物品\盾牌.wav	
盾牌12	盾牌13	圣战盾牌		盾牌	\image\图标\防具.bmp	256,0	32,32	0,2	0	0	-400	0	4	0	2	33	1	0	10	0	0	0	0	0	0	12	0	0	0	0		\sound\物品\盾牌.wav	
盾牌13		圣光盾牌		盾牌	\image\图标\防具.bmp	96,0	32,32	0,2	0	0	-400	0	4	0	2	36	1	0	10	0	0	0	0	0	0	13	0	0	0	0		\sound\物品\盾牌.wav	
盔甲01	盔甲02	布质盔甲		盔甲	\image\图标\盔甲.bmp	0,0	32,32	0,2	0	0	-400	0	4	1	1	0	1	0	10	0	0	0	0	1	0	0	0	0	0	0		\sound\物品\盔甲.wav	
盔甲02	盔甲03	皮质盔甲		盔甲	\image\图标\盔甲.bmp	32,0	32,32	0,2	0	0	-400	0	4	1	1	3	1	0	10	0	0	0	0	2	0	0	0	0	0	0		\sound\物品\盔甲.wav	
盔甲03	盔甲04	铁质盔甲		盔甲	\image\图标\盔甲.bmp	64,0	32,32	0,2	0	0	-400	0	4	1	1	6	1	0	10	0	0	0	0	3	0	0	0	0	0	0		\sound\物品\盔甲.wav	
盔甲04	盔甲05	钢质盔甲		盔甲	\image\图标\盔甲.bmp	96,0	32,32	0,2	0	0	-400	0	4	1	1	9	1	0	10	0	0	0	0	4	0	0	0	0	0	0		\sound\物品\盔甲.wav	
盔甲05	盔甲06	紫钢盔甲		盔甲	\image\图标\盔甲.bmp	128,0	32,32	0,2	0	0	-400	0	4	1	1	12	1	0	10	0	0	0	0	5	0	0	0	0	0	0		\sound\物品\盔甲.wav	
盔甲06	盔甲07	黄金盔甲		盔甲	\image\图标\盔甲.bmp	160,0	32,32	0,2	0	0	-400	0	4	1	1	15	1	0	10	0	0	0	0	6	0	0	0	0	0	0		\sound\物品\盔甲.wav	
盔甲07	盔甲08	白银铠甲		盔甲	\image\图标\盔甲.bmp	192,0	32,32	0,2	0	0	-400	0	4	1	1	18	1	0	10	0	0	0	0	7	0	0	0	0	0	0		\sound\物品\盔甲.wav	
盔甲08	盔甲09	乌金铠甲		盔甲	\image\图标\盔甲.bmp	224,0	32,32	0,2	0	0	-400	0	4	1	1	21	1	0	10	0	0	0	0	8	0	0	0	0	0	0		\sound\物品\盔甲.wav	
盔甲09	盔甲10	暗黑战甲		盔甲	\image\图标\盔甲.bmp	256,0	32,32	0,2	0	0	-400	0	4	1	1	24	1	0	10	0	0	0	0	9	0	0	0	0	0	0		\sound\物品\盔甲.wav	
盔甲10	盔甲11	暗金战甲		盔甲	\image\图标\盔甲.bmp	288,0	32,32	0,2	0	0	-400	0	4	1	1	27	1	0	10	0	0	0	0	10	0	0	0	0	0	0		\sound\物品\盔甲.wav	
盔甲11	盔甲12	白金盔甲		盔甲	\image\图标\盔甲.bmp	0,32	32,32	0,2	0	0	-400	0	4	1	1	30	1	0	10	0	0	0	0	11	0	0	0	0	0	0		\sound\物品\盔甲.wav	
盔甲12	盔甲13	黑金盔甲		盔甲	\image\图标\盔甲.bmp	32,32	32,32	0,2	0	0	-400	0	4	1	1	33	1	0	10	0	0	0	0	12	0	0	0	0	0	0		\sound\物品\盔甲.wav	
盔甲13		圣金盔甲		盔甲	\image\图标\盔甲.bmp	32,32	32,32	0,2	0	0	-400	0	4	1	1	36	1	0	10	0	0	0	0	13	0	0	0	0	0	0		\sound\物品\盔甲.wav	
护手01	护手02	普通护手		护手	\image\图标\防具.bmp	0,64	32,32	0,2	0	0	-400	0	4	1	4	1	1	0	10	0	0	0	0	0	1	0	0	0	0	0		\sound\物品\护手.wav	
护手02	护手03	帆布护手		护手	\image\图标\防具.bmp	32,64	32,32	0,2	0	0	-400	0	4	1	4	2	1	0	10	0	0	0	0	0	2	0	0	0	0	0		\sound\物品\护手.wav	
护手03	护手04	皮质护手		护手	\image\图标\防具.bmp	64,64	32,32	0,2	0	0	-400	0	4	1	4	3	1	0	10	0	0	0	0	0	3	0	0	0	0	0		\sound\物品\护手.wav	
护手04	护手05	兽皮护手		护手	\image\图标\防具.bmp	96,64	32,32	0,2	0	0	-400	0	4	1	4	4	1	0	10	0	0	0	0	0	4	0	0	0	0	0		\sound\物品\护手.wav	
护手05	护手06	钢质护手		护手	\image\图标\防具.bmp	128,64	32,32	0,2	0	0	-400	0	4	1	4	5	1	0	10	0	0	0	0	0	5	0	0	0	0	0		\sound\物品\护手.wav	
护手06	护手07	精铁护手		护手	\image\图标\防具.bmp	160,64	32,32	0,2	0	0	-400	0	4	1	4	6	1	0	10	0	0	0	0	0	6	0	0	0	0	0		\sound\物品\护手.wav	
护手07	护手08	铜质护手		护手	\image\图标\防具.bmp	192,64	32,32	0,2	0	0	-400	0	4	1	4	7	1	0	10	0	0	0	0	0	7	0	0	0	0	0		\sound\物品\护手.wav	
护手08	护手09	精钢护手		护手	\image\图标\防具.bmp	224,64	32,32	0,2	0	0	-400	0	4	1	4	8	1	0	10	0	0	0	0	0	8	0	0	0	0	0		\sound\物品\护手.wav	
护手09	护手10	紫金护手		护手	\image\图标\防具.bmp	256,64	32,32	0,2	0	0	-400	0	4	1	4	9	1	0	10	0	0	0	0	0	9	0	0	0	0	0		\sound\物品\护手.wav	
护手10	护手11	暗金护手		护手	\image\图标\防具.bmp	288,64	32,32	0,2	0	0	-400	0	4	1	4	10	1	0	10	0	0	0	0	0	10	0	0	0	0	0		\sound\物品\护手.wav	
护手11	护手12	白金护手		护手	\image\图标\防具.bmp	288,64	32,32	0,2	0	0	-400	0	4	1	4	11	1	0	10	0	0	0	0	0	11	0	0	0	0	0		\sound\物品\护手.wav	
护手12	护手13	圣战护手		护手	\image\图标\防具.bmp	256,64	32,32	0,2	0	0	-400	0	4	1	4	12	1	0	10	0	0	0	0	0	12	0	0	0	0	0		\sound\物品\护手.wav	
护手13		圣光护手		护手	\image\图标\防具.bmp	160,64	32,32	0,2	0	0	-400	0	4	1	4	13	1	0	10	0	0	0	0	0	13	0	0	0	0	0		\sound\物品\护手.wav	
披风01	披风02	破烂的披风	穿上这个披风上街，人们都会丢给你几角钱的	披风	\image\图标\防具.bmp	0,128	32,32	0,2	0	0	-400	0	4	1	5	0	1	0	10	0	0	0	0	0	0	1	0	0	0	0		\sound\物品\披风.wav	
披风02	披风03	崭新的披风		披风	\image\图标\防具.bmp	32,128	32,32	0,2	0	0	-400	0	4	1	5	3	1	0	10	0	0	0	0	0	0	2	0	0	0	0		\sound\物品\披风.wav	
披风03	披风04	古老的披风	图书馆爷爷：看看这件披风！自然成色	披风	\image\图标\防具.bmp	64,128	32,32	0,2	0	0	-400	0	4	1	5	6	1	0	10	0	0	0	0	0	0	3	0	0	0	0		\sound\物品\披风.wav	
披风04	披风05	红色披风		披风	\image\图标\防具.bmp	96,128	32,32	0,2	0	0	-400	0	4	1	5	9	1	0	10	0	0	0	0	0	0	4	0	0	0	0		\sound\物品\披风.wav	
披风05	披风06	绿色披风		披风	\image\图标\防具.bmp	128,128	32,32	0,2	0	0	-400	0	4	1	5	12	1	0	10	0	0	0	0	0	0	5	0	0	0	0		\sound\物品\披风.wav	
披风06	披风07	吸血鬼之披风		披风	\image\图标\防具.bmp	160,128	32,32	0,2	0	0	-400	0	4	1	5	15	1	0	10	0	0	0	0	0	0	6	0	0	0	0		\sound\物品\披风.wav	
披风07	披风08	青色披风		披风	\image\图标\防具.bmp	192,128	32,32	0,2	0	0	-400	0	4	1	5	18	1	0	10	0	0	0	0	0	0	7	0	0	0	0		\sound\物品\披风.wav	
披风08	披风09	高科技隐形披风	图书馆爷爷：穿上这件披风！敌人不会发现你的	披风	\image\图标\防具.bmp	224,128	32,32	0,2	0	0	-400	0	4	1	5	21	1	0	10	0	0	0	0	0	0	8	0	0	0	0		\sound\物品\披风.wav	
披风09	披风10	红黑长披风		披风	\image\图标\防具.bmp	256,128	32,32	0,2	0	0	-400	0	4	1	5	24	1	0	10	0	0	0	0	0	0	9	0	0	0	0		\sound\物品\披风.wav	
披风10	披风11	蓝黑长披风		披风	\image\图标\防具.bmp	288,128	32,32	0,2	0	0	-400	0	4	1	5	27	1	0	10	0	0	0	0	0	0	10	0	0	0	0		\sound\物品\披风.wav	
披风11	披风12	圣辉披风		披风	\image\图标\防具.bmp	288,128	32,32	0,2	0	0	-400	0	4	1	5	30	1	0	10	0	0	0	0	0	0	11	0	0	0	0		\sound\物品\披风.wav	
披风12	披风13	圣战披风		披风	\image\图标\防具.bmp	224,128	32,32	0,2	0	0	-400	0	4	1	5	33	1	0	10	0	0	0	0	0	0	12	0	0	0	0		\sound\物品\披风.wav	
披风13		圣光披风		披风	\image\图标\防具.bmp	224,128	32,32	0,2	0	0	-400	0	4	1	5	36	1	0	10	0	0	0	0	0	0	13	0	0	0	0		\sound\物品\披风.wav	
鞋子01	鞋子02	布鞋		鞋子	\image\图标\防具.bmp	0,192	32,32	0,2	0	0	-400	0	4	1	6	0	1	0	10	0	0	0	0	0	0	0	1	0	0	0		\sound\物品\鞋子.wav	
鞋子02	鞋子03	皮鞋		鞋子	\image\图标\防具.bmp	32,192	32,32	0,2	0	0	-400	0	4	1	6	3	1	0	10	0	0	0	0	0	0	0	2	0	0	0		\sound\物品\鞋子.wav	
鞋子03	鞋子04	金边鞋		鞋子	\image\图标\防具.bmp	64,192	32,32	0,2	0	0	-400	0	4	1	6	6	1	0	10	0	0	0	0	0	0	0	3	0	0	0		\sound\物品\鞋子.wav	
鞋子04	鞋子05	皮靴		鞋子	\image\图标\防具.bmp	96,192	32,32	0,2	0	0	-400	0	4	1	6	9	1	0	10	0	0	0	0	0	0	0	4	0	0	0		\sound\物品\鞋子.wav	
鞋子05	鞋子06	黑皮靴		鞋子	\image\图标\防具.bmp	128,192	32,32	0,2	0	0	-400	0	4	1	6	12	1	0	10	0	0	0	0	0	0	0	5	0	0	0		\sound\物品\鞋子.wav	
鞋子06	鞋子07	黄玉靴		鞋子	\image\图标\防具.bmp	160,192	32,32	0,2	0	0	-400	0	4	1	6	15	1	0	10	0	0	0	0	0	0	0	6	0	0	0		\sound\物品\鞋子.wav	
鞋子07	鞋子08	狂月之靴		鞋子	\image\图标\防具.bmp	192,192	32,32	0,2	0	0	-400	0	4	1	6	18	1	0	10	0	0	0	0	0	0	0	7	0	0	0		\sound\物品\鞋子.wav	
鞋子08	鞋子09	军靴		鞋子	\image\图标\防具.bmp	224,192	32,32	0,2	0	0	-400	0	4	1	6	21	1	0	10	0	0	0	0	0	0	0	8	0	0	0		\sound\物品\鞋子.wav	
鞋子09	鞋子10	炎之踏靴		鞋子	\image\图标\防具.bmp	256,192	32,32	0,2	0	0	-400	0	4	1	6	24	1	0	10	0	0	0	0	0	0	0	9	0	0	0		\sound\物品\鞋子.wav	
鞋子10	鞋子11	天使之翼		鞋子	\image\图标\防具.bmp	288,192	32,32	0,2	0	0	-400	0	4	1	6	27	1	0	10	0	0	0	0	0	0	0	10	0	0	0		\sound\物品\鞋子.wav	
鞋子11	鞋子12	武者之靴		鞋子	\image\图标\防具.bmp	288,192	32,32	0,2	0	0	-400	0	4	1	6	30	1	0	10	0	0	0	0	0	0	0	11	0	0	0		\sound\物品\鞋子.wav	
鞋子12	鞋子13	强者之靴		鞋子	\image\图标\防具.bmp	288,224	32,32	0,2	0	0	-400	0	4	1	6	33	1	0	10	0	0	0	0	0	0	0	12	0	0	0		\sound\物品\鞋子.wav	
鞋子13		圣者之靴		鞋子	\image\图标\防具.bmp	288,224	32,32	0,2	0	0	-400	0	4	1	6	36	1	0	10	0	0	0	0	0	0	0	13	0	0	0		\sound\物品\鞋子.wav	
头饰01	头饰02	牛仔帽		头饰	\image\图标\头饰.bmp	0,0	32,32	0,2	0	0	-400	0	4	2	3	0	1	0	10	0	0	0	0	0	0	0	0	1	0	0		\sound\物品\头饰.wav	
头饰02	头饰03	皮帽		头饰	\image\图标\头饰.bmp	32,0	32,32	0,2	0	0	-400	0	4	2	3	3	1	0	10	0	0	0	0	0	0	0	0	2	0	0		\sound\物品\头饰.wav	
头饰03	头饰04	礼帽		头饰	\image\图标\头饰.bmp	64,0	32,32	0,2	0	0	-400	0	4	2	3	6	1	0	10	0	0	0	0	0	0	0	0	3	0	0		\sound\物品\头饰.wav	
头饰04	头饰05	猎人帽		头饰	\image\图标\头饰.bmp	96,0	32,32	0,2	0	0	-400	0	4	2	3	9	1	0	10	0	0	0	0	0	0	0	0	4	0	0		\sound\物品\头饰.wav	
头饰05	头饰06	白狐帽		头饰	\image\图标\头饰.bmp	128,0	32,32	0,2	0	0	-400	0	4	2	3	12	1	0	10	0	0	0	0	0	0	0	0	5	0	0		\sound\物品\头饰.wav	
头饰06	头饰07	武士帽		头饰	\image\图标\头饰.bmp	160,0	32,32	0,2	0	0	-400	0	4	2	3	15	1	0	10	0	0	0	0	0	0	0	0	6	0	0		\sound\物品\头饰.wav	
头饰07	头饰08	钢盔帽		头饰	\image\图标\头饰.bmp	192,0	32,32	0,2	0	0	-400	0	4	2	3	18	1	0	10	0	0	0	0	0	0	0	0	7	0	0		\sound\物品\头饰.wav	
头饰08	头饰09	头骨面具		头饰	\image\图标\头饰.bmp	224,0	32,32	0,2	0	0	-400	0	4	2	3	21	1	0	10	0	0	0	0	0	0	0	0	8	0	0		\sound\物品\头饰.wav	
头饰09	头饰10	鬼面具		头饰	\image\图标\头饰.bmp	256,0	32,32	0,2	0	0	-400	0	4	2	3	24	1	0	10	0	0	0	0	0	0	0	0	9	0	0		\sound\物品\头饰.wav	
头饰10	头饰11	牛角帽		头饰	\image\图标\头饰.bmp	288,0	32,32	0,2	0	0	-400	0	4	2	3	27	1	0	10	0	0	0	0	0	0	0	0	10	0	0		\sound\物品\头饰.wav	
头饰11	头饰12	圣洁帽		头饰	\image\图标\头饰.bmp	288,0	32,32	0,2	0	0	-400	0	4	2	3	30	1	0	10	0	0	0	0	0	0	0	0	11	0	0		\sound\物品\头饰.wav	
头饰12	头饰13	圣战帽		头饰	\image\图标\头饰.bmp	96,32	32,32	0,2	0	0	-400	0	4	2	3	33	1	0	10	0	0	0	0	0	0	0	0	12	0	0		\sound\物品\头饰.wav	
头饰13		圣光帽		头饰	\image\图标\头饰.bmp	128,32	32,32	0,2	0	0	-400	0	4	2	3	36	1	0	10	0	0	0	0	0	0	0	0	13	0	0		\sound\物品\头饰.wav	
戒指01	戒指02	绿宝石戒指		戒指	\image\图标\饰品.bmp	0,0	32,32	0,2	0	0	-400	0	6	2	7	0	1	0	10	0	0	0	0	0	1	0	0	0	0	0		\sound\物品\戒指.wav	
戒指02	戒指03	棕宝石戒指		戒指	\image\图标\饰品.bmp	32,0	32,32	0,2	0	0	-400	0	6	2	7	3	1	0	10	0	0	0	0	0	2	0	0	0	0	0		\sound\物品\戒指.wav	
戒指03	戒指04	蓝宝石戒指		戒指	\image\图标\饰品.bmp	64,0	32,32	0,2	0	0	-400	0	6	2	7	6	1	0	10	0	0	0	0	0	3	0	0	0	0	0		\sound\物品\戒指.wav	
戒指04	戒指05	黑宝石戒指		戒指	\image\图标\饰品.bmp	96,0	32,32	0,2	0	0	-400	0	6	2	7	9	1	0	10	0	0	0	0	0	4	0	0	0	0	0		\sound\物品\戒指.wav	
戒指05	戒指06	灰宝石戒指		戒指	\image\图标\饰品.bmp	128,0	32,32	0,2	0	0	-400	0	6	2	7	12	1	0	10	0	0	0	0	0	5	0	0	0	0	0		\sound\物品\戒指.wav	
戒指06	戒指07	橙宝石戒指		戒指	\image\图标\饰品.bmp	160,0	32,32	0,2	0	0	-400	0	6	2	7	15	1	0	10	0	0	0	0	0	6	0	0	0	0	0		\sound\物品\戒指.wav	
戒指07	戒指08	红宝石戒指		戒指	\image\图标\饰品.bmp	192,0	32,32	0,2	0	0	-400	0	6	2	7	18	1	0	10	0	0	0	0	0	7	0	0	0	0	0		\sound\物品\戒指.wav	
戒指08	戒指09	蓝色机关戒指	为・・打・时・之・	戒指	\image\图标\饰品.bmp	224,0	32,32	0,2	0	0	-400	0	6	2	7	21	1	0	10	0	0	0	0	0	8	0	0	0	0	0		\sound\物品\戒指.wav	
戒指09	戒指10	钻戒		戒指	\image\图标\饰品.bmp	256,0	32,32	0,2	0	0	-400	0	6	2	7	24	1	0	10	0	0	0	0	0	9	0	0	0	0	0		\sound\物品\戒指.wav	
戒指10	戒指11	红色机关戒指	・・我・开・・空・・门・吧	戒指	\image\图标\饰品.bmp	288,0	32,32	0,2	0	0	-400	0	6	2	7	27	1	0	10	0	0	0	0	0	10	0	0	0	0	0		\sound\物品\戒指.wav	
戒指11	戒指12	骷髅戒指		戒指	\image\图标\饰品.bmp	0,32	32,32	0,2	0	0	-400	0	6	2	7	30	1	0	10	0	0	0	0	0	11	0	0	0	0	0		\sound\物品\戒指.wav	
戒指12	戒指13	圣战戒指		戒指	\image\图标\饰品.bmp	32,32	32,32	0,2	0	0	-400	0	6	2	7	33	1	0	10	0	0	0	0	0	12	0	0	0	0	0		\sound\物品\戒指.wav	
戒指13		圣光戒指		戒指	\image\图标\饰品.bmp	64,32	32,32	0,2	0	0	-400	0	6	2	7	36	1	0	10	0	0	0	0	0	13	0	0	0	0	0		\sound\物品\戒指.wav	
项链01	项链02	铁质项链		项链	\image\图标\饰品.bmp	0,96	32,32	0,2	0	0	-400	0	6	2	8	0	1	0	10	0	0	0	0	0	0	0	0	1	0	0		\sound\物品\项链.wav	
项链02	项链03	银质项链		项链	\image\图标\饰品.bmp	32,96	32,32	0,2	0	0	-400	0	6	2	8	3	1	0	10	0	0	0	0	0	0	0	0	2	0	0		\sound\物品\项链.wav	
项链03	项链04	绿宝石项链		项链	\image\图标\饰品.bmp	64,96	32,32	0,2	0	0	-400	0	6	2	8	6	1	0	10	0	0	0	0	0	0	0	0	3	0	0		\sound\物品\项链.wav	
项链04	项链05	白日项链		项链	\image\图标\饰品.bmp	96,96	32,32	0,2	0	0	-400	0	6	2	8	9	1	0	10	0	0	0	0	0	0	0	0	4	0	0		\sound\物品\项链.wav	
项链05	项链06	月牙项链		项链	\image\图标\饰品.bmp	128,96	32,32	0,2	0	0	-400	0	6	2	8	12	1	0	10	0	0	0	0	0	0	0	0	5	0	0		\sound\物品\项链.wav	
项链06	项链07	红宝石项链		项链	\image\图标\饰品.bmp	160,96	32,32	0,2	0	0	-400	0	6	2	8	15	1	0	10	0	0	0	0	0	0	0	0	6	0	0		\sound\物品\项链.wav	
项链07	项链08	十字挂饰	妖魔鬼怪快离开~妖魔鬼怪快离开~	项链	\image\图标\饰品.bmp	192,96	32,32	0,2	0	0	-400	0	6	2	8	18	1	0	10	0	0	0	0	0	0	0	0	7	0	0		\sound\物品\项链.wav	
项链08	项链09	绿宝石项链		项链	\image\图标\饰品.bmp	224,96	32,32	0,2	0	0	-400	0	6	2	8	21	1	0	10	0	0	0	0	0	0	0	0	8	0	0		\sound\物品\项链.wav	
项链09	项链10	水晶项链		项链	\image\图标\饰品.bmp	256,96	32,32	0,2	0	0	-400	0	6	2	8	24	1	0	10	0	0	0	0	0	0	0	0	9	0	0		\sound\物品\项链.wav	
项链10	项链11	平安锁		项链	\image\图标\饰品.bmp	288,96	32,32	0,2	0	0	-400	0	6	2	8	27	1	0	10	0	0	0	0	0	0	0	0	10	0	0		\sound\物品\项链.wav	
项链11	项链12	白金项链		项链	\image\图标\饰品.bmp	224,96	32,32	0,2	0	0	-400	0	6	2	8	30	1	0	10	0	0	0	0	0	0	0	0	11	0	0		\sound\物品\项链.wav	
项链12	项链13	暗金项链		项链	\image\图标\饰品.bmp	256,96	32,32	0,2	0	0	-400	0	6	2	8	33	1	0	10	0	0	0	0	0	0	0	0	12	0	0		\sound\物品\项链.wav	
项链13		圣洁项链		项链	\image\图标\饰品.bmp	160,96	32,32	0,2	0	0	-400	0	6	2	8	36	1	0	10	0	0	0	0	0	0	0	0	13	0	0		\sound\物品\项链.wav	
配饰01	配饰02	小草配饰		饰品	\image\图标\饰品.bmp	0,160	32,32	0,2	0	0	-400	0	6	2	9	0	1	0	10	0	0	0	0	0	0	0	1	0	0	0		\sound\物品\配饰.wav	
配饰02	配饰03	樱桃配饰		饰品	\image\图标\饰品.bmp	32,160	32,32	0,2	0	0	-400	0	6	2	9	3	1	0	10	0	0	0	0	0	0	0	2	0	0	0		\sound\物品\配饰.wav	
配饰03	配饰04	大红花配饰		饰品	\image\图标\饰品.bmp	64,160	32,32	0,2	0	0	-400	0	6	2	9	6	1	0	10	0	0	0	0	0	0	0	3	0	0	0		\sound\物品\配饰.wav	
配饰04	配饰05	星辰配饰		饰品	\image\图标\饰品.bmp	96,160	32,32	0,2	0	0	-400	0	6	2	9	9	1	0	10	0	0	0	0	0	0	0	4	0	0	0		\sound\物品\配饰.wav	
配饰05	配饰06	红圆配饰		饰品	\image\图标\饰品.bmp	128,160	32,32	0,2	0	0	-400	0	6	2	9	12	1	0	10	0	0	0	0	0	0	0	5	0	0	0		\sound\物品\配饰.wav	
配饰06	配饰07	十字配饰		饰品	\image\图标\饰品.bmp	160,160	32,32	0,2	0	0	-400	0	6	2	9	15	1	0	10	0	0	0	0	0	0	0	6	0	0	0		\sound\物品\配饰.wav	
配饰07	配饰08	黄宝石配饰		饰品	\image\图标\饰品.bmp	192,160	32,32	0,2	0	0	-400	0	6	2	9	18	1	0	10	0	0	0	0	0	0	0	7	0	0	0		\sound\物品\配饰.wav	
配饰08	配饰09	红芯配饰		饰品	\image\图标\饰品.bmp	224,160	32,32	0,2	0	0	-400	0	6	2	9	21	1	0	10	0	0	0	0	0	0	0	8	0	0	0		\sound\物品\配饰.wav	
配饰09	配饰10	爱神契约	爱神：与我签下契约吧！A&M	饰品	\image\图标\饰品.bmp	256,160	32,32	0,2	0	0	-400	0	6	2	9	24	1	0	10	0	0	0	0	0	0	0	9	0	0	0		\sound\物品\配饰.wav	
配饰10	配饰11	黄金吊坠	土豪的证明	饰品	\image\图标\饰品.bmp	288,160	32,32	0,2	0	0	-400	0	6	2	9	27	1	0	10	0	0	0	0	0	0	0	10	0	0	0		\sound\物品\配饰.wav	
配饰11	配饰12	白金配饰		饰品	\image\图标\饰品.bmp	288,160	32,32	0,2	0	0	-400	0	6	2	9	30	1	0	10	0	0	0	0	0	0	0	11	0	0	0		\sound\物品\配饰.wav	
配饰12	配饰13	圣战配饰		饰品	\image\图标\饰品.bmp	192,160	32,32	0,2	0	0	-400	0	6	2	9	33	1	0	10	0	0	0	0	0	0	0	12	0	0	0		\sound\物品\配饰.wav	
配饰13		圣光配饰		饰品	\image\图标\饰品.bmp	224,160	32,32	0,2	0	0	-400	0	6	2	9	36	1	0	10	0	0	0	0	0	0	0	13	0	0	0		\sound\物品\配饰.wav	
